01 08 03 04
02 10 13 26
03 04 08 37
04 03 16 08
05 06 07 15
06 07 05 15
07 15 06 09
08 03 01 04
09 11 15 13
10 01 16 13
11 40 15 07
12 39 14 33
13 14 16 29
14 15 09 11
15 07 14 09
16 10 01 24
17 18 21 35
18 21 17 26
19 36 24 32
20 28 40 33
21 18 17 22
22 21 39 36
23 28 40 33
24 19 27 36
25 26 28 33
26 28 25 40
27 32 31 30
28 33 17 40
29 30 39 22
30 29 36 22
31 27 32 28
32 19 24 27
33 17 18 35
34 22 37 02
35 18 26 40
36 38 19 29
37 03 24 36
38 36 24 18
39 21 22 18
40 35 28 20